2-body stat

$R_{K/\pi}^{K\pi}$  & 1.0  & 0.0023  & 0.0025  & -0.1747  & -0.3084  & 0.0002  & -0.005  & -0.0014  & -0.0023  & -0.1126  & 0.0113  & 0.0008  & 0.0001 \\
$A_{B_{u}}$  & 0.0023  & 1.0  & -0.2808  & 0.0  & -0.0004  & -0.192  & -0.0484  & -0.3313  & -0.0829  & 0.0007  & 0.0004  & -0.0269  & -0.0523 \\
$A_{K}^{K\pi}$  & 0.0025  & -0.2808  & 1.0  & -0.0001  & -0.0001  & 0.0537  & 0.0146  & 0.0926  & 0.0249  & -0.0001  & -0.0001  & 0.0077  & 0.0136 \\
$R_{CP}^{\pi\pi}$  & -0.1747  & 0.0  & -0.0001  & 1.0  & 0.0619  & -0.0036  & -0.0312  & 0.0  & -0.0001  & 0.0255  & -0.0026  & 0.0011  & 0.0 \\
$R_{CP}^{KK}$  & -0.3084  & -0.0004  & -0.0001  & 0.0619  & 1.0  & 0.0001  & -0.0002  & -0.0014  & -0.0135  & 0.0399  & -0.0058  & 0.0005  & 0.0002 \\
$A_{\pi}^{\pi\pi}$  & 0.0002  & -0.192  & 0.0537  & -0.0036  & 0.0001  & 1.0  & -0.0421  & 0.0636  & 0.0158  & -0.0001  & -0.0  & 0.0052  & 0.0101 \\
$A_{K}^{\pi\pi}$  & -0.005  & -0.0484  & 0.0146  & -0.0312  & -0.0002  & -0.0421  & 1.0  & 0.016  & 0.0044  & -0.0009  & -0.0001  & 0.0011  & 0.0025 \\
$A_{\pi}^{KK}$  & -0.0014  & -0.3313  & 0.0926  & 0.0  & -0.0014  & 0.0636  & 0.016  & 1.0  & -0.0128  & -0.0001  & -0.0002  & 0.0089  & 0.0174 \\
$A_{K}^{KK}$  & -0.0023  & -0.0829  & 0.0249  & -0.0001  & -0.0135  & 0.0158  & 0.0044  & -0.0128  & 1.0  & -0.0002  & 0.0001  & 0.0023  & 0.0043 \\
$R_{ADS(K)}^{\piK}$  & -0.1126  & 0.0007  & -0.0001  & 0.0255  & 0.0399  & -0.0001  & -0.0009  & -0.0001  & -0.0002  & 1.0  & -0.0238  & 0.1042  & 0.0158 \\
$R_{ADS(\pi)}^{\piK}$  & 0.0113  & 0.0004  & -0.0001  & -0.0026  & -0.0058  & -0.0  & -0.0001  & -0.0002  & 0.0001  & -0.0238  & 1.0  & -0.0036  & -0.0409 \\
$A_{ADS(K)}^{\piK}$  & 0.0008  & -0.0269  & 0.0077  & 0.0011  & 0.0005  & 0.0052  & 0.0011  & 0.0089  & 0.0023  & 0.1042  & -0.0036  & 1.0  & -0.0492 \\
$A_{ADS(\pi)}^{\piK}$  & 0.0001  & -0.0523  & 0.0136  & 0.0  & 0.0002  & 0.0101  & 0.0025  & 0.0174  & 0.0043  & 0.0158  & -0.0409  & -0.0492  & 1.0 \\

2-body syst

$A_{K}^{KK}$  & 1.00  & 0.66  & -0.40  & 0.14  & 0.02  & -0.07  & -0.07  & -0.04  & 0.06  & 0.67  & -0.72  & 0.15  & -0.31 \\
$A_{K}^{\pi\pi}$  & 0.66  & 1.00  & -0.01  & 0.16  & -0.06  & -0.14  & -0.09  & -0.16  & 0.20  & 0.54  & -0.59  & 0.21  & -0.22 \\
$A_{\pi}^{KK}$  & -0.40  & -0.01  & 1.00  & 0.22  & -0.20  & -0.03  & -0.18  & -0.12  & 0.34  & 0.01  & 0.20  & 0.17  & 0.46 \\
$A_{\pi}^{\pi\pi}$  & 0.14  & 0.16  & 0.22  & 1.00  & -0.11  & -0.38  & -0.15  & -0.24  & -0.05  & 0.08  & -0.11  & 0.10  & 0.06 \\
$A_{K}^{K\pi}$  & 0.02  & -0.06  & -0.20  & -0.11  & 1.00  & 0.65  & 0.00  & -0.02  & -0.00  & -0.11  & -0.53  & -0.03  & -0.08 \\
$A_{B_{u}}$  & -0.07  & -0.14  & -0.03  & -0.38  & 0.65  & 1.00  & 0.00  & 0.00  & 0.00  & -0.14  & -0.33  & 0.01  & -0.03 \\
$R_{K/\pi}^{K\pi}$  & -0.07  & -0.09  & -0.18  & -0.15  & 0.00  & 0.00  & 1.00  & 0.26  & 0.03  & -0.05  & 0.07  & -0.13  & -0.09 \\
$R_{CP}^{\pi\pi}$  & -0.04  & -0.16  & -0.12  & -0.24  & -0.02  & 0.00  & 0.26  & 1.00  & 0.48  & -0.07  & 0.01  & 0.13  & 0.06 \\
$R_{CP}^{KK}$  & 0.06  & 0.20  & 0.34  & -0.05  & -0.00  & 0.00  & 0.03  & 0.48  & 1.00  & -0.02  & -0.22  & 0.50  & 0.37 \\
$A_{ADS(K)}$  & 0.67  & 0.54  & 0.01  & 0.08  & -0.11  & -0.14  & -0.05  & -0.07  & -0.02  & 1.00  & -0.51  & -0.09  & -0.48 \\
$A_{ADS(\pi)}$  & -0.72  & -0.59  & 0.20  & -0.11  & -0.53  & -0.33  & 0.07  & 0.01  & -0.22  & -0.51  & 1.00  & -0.22  & 0.26 \\
$R_{ADS(K)}$  & 0.15  & 0.21  & 0.17  & 0.10  & -0.03  & 0.01  & -0.13  & 0.13  & 0.50  & -0.09  & -0.22  & 1.00  & 0.33 \\
$R_{ADS(\pi)}$  & -0.31  & -0.22  & 0.46  & 0.06  & -0.08  & -0.03  & -0.09  & 0.06  & 0.37  & -0.48  & 0.26  & 0.33  & 1.00 \\

