%
% Convert the correlation matrices from Latex to code:
% 1. copy latex table into this file
% 2. remove white spaces from variable names
% 3. run 3fbGLWADS-hhpi0-corConvertToCode.sh
%
% stat
% taken from LHCb-ANA-2013-075-3fbGLWADS-hhpi0/latex/fit.tex
% v7, Feb 9
%
$A_{ADS(K)}^{\piK\piz}$  & 1.0  & -0.0382  & 0.0004  & 0.0015  & 0.0037  & 0.0074  & 0.0057  & -0.0266  & 0.126  & 0.0002  & 0.0006  & 0.0022 \\
$A_{ADS(\pi)}^{\piK\piz}$  & -0.0382  & 1.0  & 0.0009  & 0.0018  & 0.0037  & 0.0073  & 0.0071  & -0.0264  & -0.0088  & -0.3386  & -0.0  & 0.0003 \\
$A_{K}^{KK\piz}$  & 0.0004  & 0.0009  & 1.0  & 0.0026  & -0.0435  & 0.0073  & 0.0084  & -0.027  & -0.0008  & -0.0002  & -0.2012  & -0.0086 \\
$A_{K}^{\pi\pi\piz}$  & 0.0015  & 0.0018  & 0.0026  & 1.0  & 0.0084  & -0.035  & 0.0182  & -0.0623  & -0.0005  & -0.0001  & -0.0027  & -0.0428 \\
$A_{\pi}^{KK\piz}$  & 0.0037  & 0.0037  & -0.0435  & 0.0084  & 1.0  & 0.0382  & 0.0373  & -0.1382  & -0.0001  & -0.0002  & -0.0007  & 0.0007 \\
$A_{\pi}^{\pi\pi\piz}$  & 0.0074  & 0.0073  & 0.0073  & -0.035  & 0.0382  & 1.0  & 0.0752  & -0.2759  & -0.0007  & -0.0001  & -0.0004  & -0.0023 \\
$A_{K}^{K\pi\piz}$  & 0.0057  & 0.0071  & 0.0084  & 0.0182  & 0.0373  & 0.0752  & 1.0  & -0.2743  & -0.0011  & 0.0001  & -0.0009  & -0.0022 \\
$A_{Prod}$  & -0.0266  & -0.0264  & -0.027  & -0.0623  & -0.1382  & -0.2759  & -0.2743  & 1.0  & 0.0028  & 0.0007  & 0.0018  & 0.0039 \\
$R_{ADS(K)}^{\piK\piz}$  & 0.126  & -0.0088  & -0.0008  & -0.0005  & -0.0001  & -0.0007  & -0.0011  & 0.0028  & 1.0  & 0.0338  & 0.0015  & 0.006 \\
$R_{ADS(\pi)}^{\piK\piz}$  & 0.0002  & -0.3386  & -0.0002  & -0.0001  & -0.0002  & -0.0001  & 0.0001  & 0.0007  & 0.0338  & 1.0  & -0.0004  & -0.0013 \\
$R^{KK\piz}_{F+}$  & 0.0006  & -0.0  & -0.2012  & -0.0027  & -0.0007  & -0.0004  & -0.0009  & 0.0018  & 0.0015  & -0.0004  & 1.0  & 0.0244 \\
$R^{\pi\pi\piz}_{F+}$  & 0.0022  & 0.0003  & -0.0086  & -0.0428  & 0.0007  & -0.0023  & -0.0022  & 0.0039  & 0.006  & -0.0013  & 0.0244  & 1.0 \\
%
% syst
%
$A_{ADS(K)}^{\piK\piz}$  & 1.00  & 0.24  & 0.16  & 0.15  & 0.25  & 0.22  & -0.15  & -0.13  & 0.48  & 0.03  & 0.02  & 0.26 \\
$A_{ADS(\pi)}^{\piK\piz}$  & 0.24  & 1.00  & 0.38  & 0.45  & 0.58  & 0.61  & -0.50  & -0.38  & -0.12  & -0.55  & 0.00  & -0.05 \\
$A_{K}^{KK\piz}$  & 0.16  & 0.38  & 1.00  & 0.81  & 0.08  & 0.11  & 0.09  & -0.02  & 0.15  & -0.09  & -0.27  & -0.21 \\
$A_{K}^{\pi\pi\piz}$  & 0.15  & 0.45  & 0.81  & 1.00  & 0.12  & 0.12  & 0.08  & -0.01  & 0.09  & -0.03  & -0.17  & -0.22 \\
$A_{\pi}^{KK\piz}$  & 0.25  & 0.58  & 0.08  & 0.12  & 1.00  & 0.96  & -0.84  & -0.65  & -0.06  & 0.04  & -0.02  & 0.03 \\
$A_{\pi}^{\pi\pi\piz}$  & 0.22  & 0.61  & 0.11  & 0.12  & 0.96  & 1.00  & -0.85  & -0.67  & -0.01  & 0.02  & -0.03  & -0.03 \\
$A_{K}^{K\pi\piz}$  & -0.15  & -0.50  & 0.09  & 0.08  & -0.84  & -0.85  & 1.00  & 0.62  & -0.00  & 0.02  & 0.05  & 0.02 \\
$A_{Prod}$  & -0.13  & -0.38  & -0.02  & -0.01  & -0.65  & -0.67  & 0.62  & 1.00  & -0.00  & 0.00  & 0.01  & 0.02 \\
$R_{ADS(K)}^{\piK\piz}$  & 0.48  & -0.12  & 0.15  & 0.09  & -0.06  & -0.01  & -0.00  & -0.00  & 1.00  & 0.22  & -0.11  & -0.11 \\
$R_{ADS(\pi)}^{\piK\piz}$  & 0.03  & -0.55  & -0.09  & -0.03  & 0.04  & 0.02  & 0.02  & 0.00  & 0.22  & 1.00  & 0.04  & 0.05 \\
$R^{KK\piz}_{F+}$  & 0.02  & 0.00  & -0.27  & -0.17  & -0.02  & -0.03  & 0.05  & 0.01  & -0.11  & 0.04  & 1.00  & 0.42 \\
$R^{\pi\pi\piz}_{F+}$  & 0.26  & -0.05  & -0.21  & -0.22  & 0.03  & -0.03  & 0.02  & 0.02  & -0.11  & 0.05  & 0.42  & 1.00 \\
